Linux 6.6.87.2-microsoft-standard-WSL2 (Bucefalo) 	06/04/26 	_x86_64_	(32 CPU)

03:18:00     CPU    %usr   %nice    %sys %iowait    %irq   %soft  %steal  %guest  %gnice   %idle
03:18:01     all    0.03    0.00    0.06    0.06    0.00    0.00    0.00    0.00    0.00   99.84
03:18:01       0    0.00    0.00    0.00    0.00    0.00    0.00    0.00    0.00    0.00  100.00
03:18:01       1    0.00    0.00    0.00    0.00    0.00    0.00    0.00    0.00    0.00  100.00
03:18:01       2    0.00    0.00    1.00    0.00    0.00    0.00    0.00    0.00    0.00   99.00
03:18:01       3    0.00    0.00    0.00    0.00    0.00    0.00    0.00    0.00    0.00  100.00
03:18:01       4    0.99    0.00    0.00    0.00    0.00    0.00    0.00    0.00    0.00   99.01
03:18:01       5    0.00    0.00    0.00    1.01    0.00    0.00    0.00    0.00    0.00   98.99
03:18:01       6    0.00    0.00    0.00    0.00    0.00    0.00    0.00    0.00    0.00  100.00
03:18:01       7    0.00    0.00    0.00    0.00    0.00    0.00    0.00    0.00    0.00  100.00
03:18:01       8    0.00    0.00    0.00    0.00    0.00    0.00    0.00    0.00    0.00  100.00
03:18:01       9    0.00    0.00    0.00    0.00    0.00    0.00    0.00    0.00    0.00  100.00
03:18:01      10    0.00    0.00    0.00    0.00    0.00    0.00    0.00    0.00    0.00  100.00
03:18:01      11    0.00    0.00    0.00    0.00    0.00    0.00    0.00    0.00    0.00  100.00
03:18:01      12    0.00    0.00    0.00    0.00    0.00    0.00    0.00    0.00    0.00  100.00
03:18:01      13    0.00    0.00    0.00    0.00    0.00    0.00    0.00    0.00    0.00  100.00
03:18:01      14    0.00    0.00    0.00    0.00    0.00    0.00    0.00    0.00    0.00  100.00
03:18:01      15    0.00    0.00    0.00    0.00    0.00    0.00    0.00    0.00    0.00  100.00
03:18:01      16    0.00    0.00    0.00    0.00    0.00    0.00    0.00    0.00    0.00  100.00
03:18:01      17    0.00    0.00    0.00    0.00    0.00    0.00    0.00    0.00    0.00  100.00
03:18:01      18    0.00    0.00    0.00    0.00    0.00    0.00    0.00    0.00    0.00  100.00
03:18:01      19    0.00    0.00    0.00    0.00    0.00    0.00    0.00    0.00    0.00  100.00
03:18:01      20    0.00    0.00    0.00    1.00    0.00    0.00    0.00    0.00    0.00   99.00
03:18:01      21    0.00    0.00    0.00    0.00    0.00    0.00    0.00    0.00    0.00  100.00
03:18:01      22    0.00    0.00    0.00    0.00    0.00    0.00    0.00    0.00    0.00  100.00
03:18:01      23    0.00    0.00    0.00    0.00    0.00    0.00    0.00    0.00    0.00  100.00
03:18:01      24    0.00    0.00    0.00    0.00    0.00    0.00    0.00    0.00    0.00  100.00
03:18:01      25    0.00    0.00    0.00    0.00    0.00    0.00    0.00    0.00    0.00  100.00
03:18:01      26    0.00    0.00    0.00    0.00    0.00    0.00    0.00    0.00    0.00  100.00
03:18:01      27    0.00    0.00    0.00    0.00    0.00    0.00    0.00    0.00    0.00  100.00
03:18:01      28    0.00    0.00    0.00    0.00    0.00    0.00    0.00    0.00    0.00  100.00
03:18:01      29    0.00    0.00    0.00    0.00    0.00    0.00    0.00    0.00    0.00  100.00
03:18:01      30    0.00    0.00    0.99    0.00    0.00    0.00    0.00    0.00    0.00   99.01
03:18:01      31    0.00    0.00    0.00    0.00    0.00    0.00    0.00    0.00    0.00  100.00

Average:     CPU    %usr   %nice    %sys %iowait    %irq   %soft  %steal  %guest  %gnice   %idle
Average:     all    0.03    0.00    0.06    0.06    0.00    0.00    0.00    0.00    0.00   99.84
Average:       0    0.00    0.00    0.00    0.00    0.00    0.00    0.00    0.00    0.00  100.00
Average:       1    0.00    0.00    0.00    0.00    0.00    0.00    0.00    0.00    0.00  100.00
Average:       2    0.00    0.00    1.00    0.00    0.00    0.00    0.00    0.00    0.00   99.00
Average:       3    0.00    0.00    0.00    0.00    0.00    0.00    0.00    0.00    0.00  100.00
Average:       4    0.99    0.00    0.00    0.00    0.00    0.00    0.00    0.00    0.00   99.01
Average:       5    0.00    0.00    0.00    1.01    0.00    0.00    0.00    0.00    0.00   98.99
Average:       6    0.00    0.00    0.00    0.00    0.00    0.00    0.00    0.00    0.00  100.00
Average:       7    0.00    0.00    0.00    0.00    0.00    0.00    0.00    0.00    0.00  100.00
Average:       8    0.00    0.00    0.00    0.00    0.00    0.00    0.00    0.00    0.00  100.00
Average:       9    0.00    0.00    0.00    0.00    0.00    0.00    0.00    0.00    0.00  100.00
Average:      10    0.00    0.00    0.00    0.00    0.00    0.00    0.00    0.00    0.00  100.00
Average:      11    0.00    0.00    0.00    0.00    0.00    0.00    0.00    0.00    0.00  100.00
Average:      12    0.00    0.00    0.00    0.00    0.00    0.00    0.00    0.00    0.00  100.00
Average:      13    0.00    0.00    0.00    0.00    0.00    0.00    0.00    0.00    0.00  100.00
Average:      14    0.00    0.00    0.00    0.00    0.00    0.00    0.00    0.00    0.00  100.00
Average:      15    0.00    0.00    0.00    0.00    0.00    0.00    0.00    0.00    0.00  100.00
Average:      16    0.00    0.00    0.00    0.00    0.00    0.00    0.00    0.00    0.00  100.00
Average:      17    0.00    0.00    0.00    0.00    0.00    0.00    0.00    0.00    0.00  100.00
Average:      18    0.00    0.00    0.00    0.00    0.00    0.00    0.00    0.00    0.00  100.00
Average:      19    0.00    0.00    0.00    0.00    0.00    0.00    0.00    0.00    0.00  100.00
Average:      20    0.00    0.00    0.00    1.00    0.00    0.00    0.00    0.00    0.00   99.00
Average:      21    0.00    0.00    0.00    0.00    0.00    0.00    0.00    0.00    0.00  100.00
Average:      22    0.00    0.00    0.00    0.00    0.00    0.00    0.00    0.00    0.00  100.00
Average:      23    0.00    0.00    0.00    0.00    0.00    0.00    0.00    0.00    0.00  100.00
Average:      24    0.00    0.00    0.00    0.00    0.00    0.00    0.00    0.00    0.00  100.00
Average:      25    0.00    0.00    0.00    0.00    0.00    0.00    0.00    0.00    0.00  100.00
Average:      26    0.00    0.00    0.00    0.00    0.00    0.00    0.00    0.00    0.00  100.00
Average:      27    0.00    0.00    0.00    0.00    0.00    0.00    0.00    0.00    0.00  100.00
Average:      28    0.00    0.00    0.00    0.00    0.00    0.00    0.00    0.00    0.00  100.00
Average:      29    0.00    0.00    0.00    0.00    0.00    0.00    0.00    0.00    0.00  100.00
Average:      30    0.00    0.00    0.99    0.00    0.00    0.00    0.00    0.00    0.00   99.01
Average:      31    0.00    0.00    0.00    0.00    0.00    0.00    0.00    0.00    0.00  100.00
