1 0.101400 0.101400 0.000000 0.101400 1.000000
2 0.133800 0.133800 0.000000 0.133800 0.768161
3 0.169900 0.169900 0.000000 0.169900 0.542355
4 0.170200 0.170200 0.000000 0.170200 0.418760
5 0.191900 0.191900 0.000000 0.191900 0.339303
6 0.186000 0.186000 0.000000 0.186000 0.283745
7 0.169200 0.168500 0.000000 0.168500 0.251405
8 0.192400 0.192400 0.000000 0.192400 0.214689
9 0.191800 0.191100 0.000000 0.191100 0.190665
10 0.210500 0.210500 0.000000 0.210500 0.166497
12 0.209100 0.209100 0.000000 0.209100 0.136741
14 0.232100 0.232100 0.000000 0.232100 0.133916
16 0.244900 0.242900 0.000000 0.242900 0.127524
24 0.328700 0.328700 0.000000 0.328700 0.106942
32 0.469500 0.469500 0.000000 0.469500 0.082212
