1 0.094400 0.093700 0.000000 0.092100 1.000000
2 0.131700 0.131700 0.000000 0.131700 0.668067
3 0.133200 0.133200 0.000000 0.133200 0.441144
4 0.136600 0.136600 0.000000 0.136600 0.328779
5 0.175000 0.175000 0.000000 0.175000 0.259562
6 0.144600 0.140500 0.000000 0.140500 0.218594
7 0.160500 0.160500 0.000000 0.160500 0.185595
8 0.166600 0.163600 0.000000 0.163600 0.162591
9 0.166700 0.164300 0.000000 0.164300 0.144131
10 0.184500 0.184500 0.000000 0.184500 0.128966
12 0.193700 0.193700 0.000000 0.193700 0.103351
14 0.201600 0.199500 0.000000 0.199500 0.101163
16 0.217900 0.207700 0.000000 0.207700 0.097207
24 0.283900 0.268200 0.000000 0.268200 0.086942
32 0.395800 0.380600 0.000000 0.380600 0.065794
