1 0.094400 0.092900 0.000000 0.092900 1.000000
2 0.130400 0.130400 0.000000 0.128300 0.694079
3 0.150400 0.150400 0.000000 0.150400 0.516320
4 0.154400 0.154400 0.000000 0.154400 0.395489
5 0.160300 0.160300 0.000000 0.160300 0.322079
6 0.163100 0.163100 0.000000 0.163100 0.267847
7 0.177400 0.177400 0.000000 0.177400 0.230078
8 0.178200 0.178200 0.000000 0.178200 0.204198
9 0.194600 0.182400 0.000000 0.182400 0.177686
10 0.188700 0.188700 0.000000 0.188700 0.158226
12 0.196800 0.196800 0.000000 0.196800 0.128573
14 0.219600 0.213500 0.000000 0.213500 0.122708
16 0.231500 0.231500 0.000000 0.231500 0.121316
24 0.264300 0.244500 0.000000 0.244500 0.100905
32 0.398900 0.369300 0.000000 0.398900 0.078120
