1 0.100400 0.100400 0.000000 0.098900 1.000000
2 0.182400 0.164600 2.313142 0.179200 0.838446
3 0.247500 0.239100 0.000000 0.247500 0.710362
4 0.304300 0.291700 0.000000 0.303300 0.596247
5 0.359600 0.327900 0.000000 0.359600 0.506329
6 0.396000 0.375400 0.000000 0.396000 0.435968
7 0.432300 0.362300 0.000000 0.432300 0.377921
8 0.457600 0.437500 0.000000 0.450000 0.342475
9 0.484500 0.442600 0.000000 0.478600 0.325417
10 0.504500 0.441000 0.000000 0.467100 0.320230
12 0.529700 0.516800 0.000000 0.529700 0.312814
14 0.541200 0.472700 0.167927 0.530300 0.296461
16 0.555200 0.508900 0.000000 0.543000 0.293518
24 0.580800 0.569700 0.000000 0.580800 0.253975
32 0.607700 0.595500 0.000000 0.607700 0.222649
