1 0.101300 0.101300 0.000000 0.100200 1.000000
2 0.185400 0.174100 0.000000 0.176800 0.887374
3 0.265200 0.234300 0.000000 0.234300 0.732916
4 0.340600 0.294100 0.000000 0.311400 0.622760
5 0.381800 0.328300 1.867309 0.372800 0.498378
6 0.429400 0.396600 0.000000 0.396600 0.452729
7 0.467800 0.382800 0.000000 0.467800 0.387144
8 0.491700 0.433800 0.369401 0.484100 0.348001
9 0.513000 0.457100 0.000000 0.474400 0.344902
10 0.534700 0.474800 0.000000 0.496200 0.323621
12 0.554900 0.486300 0.546570 0.554900 0.304139
14 0.572600 0.489900 0.372781 0.572600 0.286590
16 0.579600 0.524600 0.000000 0.579600 0.273121
24 0.609000 0.557700 0.000000 0.609000 0.265890
32 0.643600 0.615100 0.000000 0.643600 0.236040
