1 0.093000 0.092600 0.000000 0.093000 1.000000
2 0.166700 0.158300 0.000000 0.158300 0.916071
3 0.245700 0.202800 0.000000 0.215800 0.798638
4 0.317100 0.281200 0.000000 0.281200 0.665212
5 0.386900 0.340700 0.000000 0.357300 0.606438
6 0.448800 0.413700 0.114322 0.448800 0.464448
7 0.483200 0.440100 0.000000 0.464100 0.396423
8 0.524700 0.499900 0.000000 0.524700 0.363996
9 0.553800 0.489900 0.000000 0.553800 0.358241
10 0.579100 0.518900 0.000000 0.566200 0.334848
12 0.600200 0.532500 0.000000 0.600200 0.314389
14 0.620800 0.551500 0.000000 0.620800 0.295337
16 0.622000 0.558200 0.000000 0.622000 0.283169
24 0.648300 0.579600 0.000000 0.648300 0.264395
32 0.659100 0.623900 0.000000 0.659100 0.250963
