1 0.087500 0.087500 0.000000 0.086000 1.000000
2 0.149900 0.134200 0.000000 0.144000 0.916236
3 0.225400 0.193100 0.000000 0.193100 0.772709
4 0.289600 0.278200 0.000000 0.278200 0.757112
5 0.343800 0.289300 0.545617 0.322400 0.595403
6 0.384800 0.356900 0.516540 0.384800 0.506521
7 0.438300 0.354400 0.293480 0.438300 0.435138
8 0.482400 0.453300 0.000000 0.482400 0.396804
9 0.508900 0.467800 1.073825 0.508900 0.391038
10 0.543600 0.507300 0.000000 0.543600 0.361828
12 0.568600 0.507200 0.000000 0.568600 0.338309
14 0.588300 0.520200 0.000000 0.588300 0.318112
16 0.597500 0.531100 0.000000 0.597500 0.302461
24 0.632500 0.561200 0.000000 0.632500 0.279776
32 0.633300 0.582800 0.000000 0.623800 0.268361
