opname                       1         2         3         4         5         6         7         8         9        10        12        14        16        24        32
sourcedatagen1        1.000000  1.164967  1.328469  1.562675  1.823610  2.147621  2.489858  2.717512  2.848202  3.141434  3.658682  4.289623  4.730286  7.284683 10.575919
calc2                 1.000000  1.321692  1.607574  1.876140  2.139245  2.408810  2.745623  3.025002  3.353594  3.793388  4.613516  5.396833  5.983052  8.708721 11.462898
watermarkassigner3    1.000000  1.325208  1.628781  1.913951  2.202086  2.488125  2.862446  3.143131  3.491176  3.961519  5.058299  6.007204  6.754185  9.832031 12.782755
minibatchassigner4    1.000000  1.345295  1.701705  2.018784  2.303072  2.547455  2.737666  2.763246  2.795989  2.950576  3.684931  4.460867  5.133343  7.933745 10.513336
calc5                 1.000000  1.464202  1.994561  2.464268  2.827096  3.104366  3.539964  3.936686  4.456241  5.077842  6.539827  7.817632  8.887160 12.987436 16.946877
calc7                 1.000000  1.477572  1.918540  2.336441  2.696503  2.966021  3.389578  3.807275  4.324429  4.915764  6.274815  7.555897  8.573069 12.511763 16.308856
join9                 1.000000  1.333989  1.799161  2.276402  2.971261  3.637538  4.806735  5.769433  6.771141  8.220627 11.131137 15.149530 17.245275 52.503594 92.023972
calc10                1.000000  1.470296  2.166661  2.768063  3.200405  4.394512  7.089441  9.584624  9.588520 10.412459 11.198462 13.601857 15.737557 25.893536 39.326309
nexmarkq311writer     1.000000  1.647927  2.464334  3.080417  4.296343  5.863624  8.218335 11.599088 13.031139 13.487272 17.004362 20.615794 21.907571 36.512644 56.682016
