opname                               1            2            3            4            5            6            7            8            9           10           12           14           16           24           32
sourcedatagen1                1.000000     1.611525     2.312373     3.097962     3.845935     4.643799     5.406991     6.124093     7.035501     7.881481     9.697622    11.669345    13.476240    23.382523    39.724271
calc2                         1.000000     1.179170     1.275753     1.361717     1.594782     1.689766     1.878180     2.162786     2.407368     2.867395     3.428868     4.174523     4.931387     7.835048    12.680166
watermarkassigner3            1.000000     1.444888     1.768869     1.887933     2.580083     2.621954     3.081645     3.758102     4.348366     5.888018     7.302596     9.316615    11.451147    19.825225    34.578551
minibatchassigner4            1.000000     1.419354     1.765481     1.908144     2.625975     2.748810     3.235906     3.872924     4.664944     6.030558     7.644298     9.752869    11.956940    20.752979    35.241028
calc5                         1.000000     1.456055     1.905584     2.044039     3.005363     3.028246     3.624693     4.453154     5.352194     7.380259     9.305923    12.244717    14.816611    25.639508    45.476427
localwindowaggregate6         1.000000     1.762562     3.097193     4.067538     4.608913     5.440510     6.542946     8.750118    11.724338    15.714767    23.065683    32.964509    40.430234    93.172660   178.692836
globalwindowaggregate8        1.000000     1.039965     1.006807     1.042133     1.116461     1.313701     1.361237     1.733511     1.883483     2.224072     3.014260     4.169981     4.266828     9.010444    18.138561
calc10                        1.000000     1.205744     1.291953     1.381359     1.602689     1.697667     1.884354     2.159086     2.428706     2.870543     3.410724     4.150824     4.933297     7.770185    12.632491
watermarkassigner11           1.000000     1.362805     1.632656     1.744966     2.318911     2.369364     2.727647     3.316797     3.861798     5.080625     6.218705     7.857651     9.572156    17.113897    28.473671
minibatchassigner12           1.000000     1.375948     1.688835     1.774309     2.411867     2.525220     2.956709     3.543765     4.133110     5.321494     6.646783     8.484154    10.134217    17.022439    28.874208
calc13                        1.000000     1.395061     1.775500     1.841049     2.625752     2.668922     3.216640     3.888059     4.534709     6.059042     7.701545     9.858490    12.547455    20.990111    36.201897
localwindowaggregate14        1.000000     1.875621     2.567976     3.429762     4.303385     4.936345     5.820299     7.593907    10.235502    13.823890    19.441256    29.217745    36.139459    78.555743   145.959625
globalwindowaggregate16       1.000000     1.088001     1.302426     1.590846     1.783772     2.088753     2.266169     2.848958     3.303141     4.172722     5.751980     8.094801     8.484510    18.999745    38.258201
windowjoin18                  1.000000     1.000000     1.000000     1.000000     1.000000     1.000000     1.000000     1.124263     1.358275     1.377555     1.661834     2.534172     2.411404     4.968360     8.517494
calc19                        1.000000     1.000000     1.000000     1.000000     1.000000     1.000000     1.000000     1.000000     1.071740     2.318080     5.220427     7.567255     9.119490    21.902655    44.112278
nexmarkq820writer             1.000000     1.663912     2.317742     2.908055     3.676312     4.803892     5.248341     5.135184     3.547504     3.002793     6.059481     9.517740    12.571011    43.700628   107.605332
