opname                               1            2            3            4            5            6            7            8            9           10           12           14           16           24           32
sourcedatagen1                1.000000     1.467511     2.207128     2.944730     3.703666     4.420979     5.178770     5.876021     6.615866     7.386886     9.176816    10.864104    12.576022    20.325209    36.044600
calc2                         1.000000     1.073386     1.128326     1.285647     1.530440     1.573432     1.832521     2.115164     2.299608     2.505082     3.336057     4.123561     4.989752     9.039436    12.084740
watermarkassigner3            1.000000     1.275584     1.378753     1.660260     2.161450     2.310905     2.748755     3.545411     3.834777     4.631099     6.852703     8.572004    10.797660    20.305718    29.317980
minibatchassigner4            1.000000     1.254860     1.362965     1.675526     2.188599     2.370917     2.828209     3.646257     4.056201     4.851615     7.201898     9.055819    11.482815    21.028953    30.530666
calc5                         1.000000     1.350172     1.409148     1.827226     2.450471     2.668804     3.218868     4.363692     4.667985     5.882161     8.479514    10.723736    14.307263    26.942972    39.194438
localwindowaggregate6         1.000000     1.873181     2.386279     3.266768     4.395042     5.057937     6.559511     8.373554    11.181439    11.961984    16.770019    23.574909    33.982916    71.035611   109.601275
globalwindowaggregate8        1.000000     1.611721     2.086541     2.637114     3.700294     3.932864     4.709335     5.423735     6.339383     6.841099     9.017371    11.862512    15.164764    32.995962    46.498307
calc10                        1.000000     1.095173     1.141585     1.286891     1.531084     1.555475     1.811688     2.091566     2.283980     2.493341     3.289620     4.076672     4.930106     8.945255    11.933916
watermarkassigner11           1.000000     1.230666     1.306142     1.587035     1.990176     2.119796     2.537928     3.204954     3.538752     4.124211     5.974271     7.456201     9.271110    17.491243    24.819713
minibatchassigner12           1.000000     1.246998     1.351925     1.642423     2.073302     2.215877     2.674438     3.389321     3.717348     4.314910     6.447293     7.943528    10.018688    17.311271    25.238796
calc13                        1.000000     1.314939     1.410412     1.735156     2.250053     2.426437     2.933587     3.816596     4.164459     5.014732     7.206220     9.025049    11.941218    22.398337    31.962351
localwindowaggregate14        1.000000     1.597718     2.022333     2.850052     3.878691     4.582104     5.945533     7.245947     9.766225    10.426369    14.971252    20.350653    30.121634    60.479696    92.627088
globalwindowaggregate16       1.000000     1.807792     2.429791     3.153178     4.442492     4.693383     6.004506     6.869438     8.208751     8.752452    11.883398    15.931804    20.480935    46.080818    67.433360
windowjoin18                  1.000000     1.230887     1.588933     2.103511     2.662203     2.809897     3.442609     4.080847     4.850217     5.454294     7.293225     9.207724    12.915017    25.728954    37.738344
calc19                        1.000000     1.152374     1.708801     2.165293     2.487659     3.271502     3.959398     4.967557     5.012940     8.240386    13.623521    21.549688    24.440071   104.713034   151.650899
nexmarkq820writer             1.000000     1.683503     2.584994     3.727767     5.626562     7.797862    10.716056    11.026602    15.162212    17.300272    19.220444    30.345806    34.002429   150.669065   216.489417
