opname                               1            2            3            4            5            6            7            8            9           10           12           14           16           24           32
sourcedatagen1                1.000000     1.503214     2.239382     2.959920     3.741854     4.487612     5.154167     5.960603     6.761794     7.762918     9.461778    11.316355    13.190778    22.809396    39.976109
calc2                         1.000000     1.194917     1.567866     1.624997     1.773934     1.909155     1.943046     2.291174     2.596278     2.916838     3.723139     4.022534     5.758893    10.187165    17.216133
watermarkassigner3            1.000000     1.406915     2.145860     2.309134     2.774021     2.960363     3.118145     3.791704     4.673687     5.664612     7.831264     8.590311    13.040532    25.585382    45.391227
minibatchassigner4            1.000000     1.405516     2.066859     2.274103     2.741393     2.932544     3.125925     3.889879     4.804002     5.678712     7.896200     8.797565    13.297600    25.526659    45.487193
calc5                         1.000000     1.467718     2.184967     2.462358     3.012002     3.260708     3.527987     4.484786     5.608869     6.808058     9.792876    10.538652    16.492483    32.231036    59.555606
localwindowaggregate6         1.000000     1.682452     3.413162     4.791105     5.059017     6.571885     6.523120     8.907192    11.239024    16.648662    24.851228    30.830184    47.998417   110.404287   200.082882
globalwindowaggregate8        1.000000     1.028700     1.259772     1.267139     1.310845     1.577453     1.224083     1.753683     1.989086     2.295136     3.390068     3.535176     6.105410    10.011650    16.424416
calc10                        1.000000     1.201770     1.581446     1.647841     1.775843     1.903433     1.935117     2.286172     2.576627     2.897385     3.686952     3.976457     5.649126    10.112914    16.950682
watermarkassigner11           1.000000     1.353533     1.984209     2.161974     2.558810     2.672745     2.834267     3.445465     4.231047     4.928868     6.820570     7.432529    11.105934    21.984829    38.038223
minibatchassigner12           1.000000     1.378770     2.050341     2.215470     2.608367     2.811575     2.961322     3.633186     4.465055     5.214366     7.179133     7.820272    11.541657    21.665809    38.491262
calc13                        1.000000     1.394551     2.098046     2.308177     2.833487     2.921147     3.195920     3.917065     4.915224     5.820868     8.271682     8.977953    14.066500    27.271054    47.971041
localwindowaggregate14        1.000000     1.670203     2.892014     3.846938     4.321763     5.526478     5.365203     7.446217     9.567877    14.114436    20.439706    26.148906    40.968595    90.762591   159.388590
globalwindowaggregate16       1.000000     1.028400     1.697162     1.912438     2.030300     2.488539     1.983256     2.990818     3.497381     4.251539     6.539074     6.928101    11.848071    20.737644    34.826265
windowjoin18                  1.000000     1.000000     1.000000     1.000000     1.000000     1.082251     1.000000     1.161113     1.337616     1.498204     2.040689     2.068097     2.753076     4.719330     7.586115
calc19                        1.000000     1.073867     1.000000     1.000000     1.000000     1.000000     1.000000     1.000000     1.196283     1.911825     4.587576     7.251182    16.099240    27.115591    41.481692
nexmarkq820writer             1.000000     1.683119     2.489781     3.129180     3.824215     4.907970     5.196061     4.918354     2.956469     1.769774     4.208209     7.895105    20.727655    49.953183   107.520949
