opname                          1            2            3            4            5            6            7            8            9           10           12           14           16           24           32
sourcedatagen1           1.000000     1.343611     1.537445     1.839587     2.216098     2.606566     2.995933     3.266198     3.606353     3.874770     4.486655     5.067111     5.815913     8.859878    13.050984
calc2                    1.000000     1.571806     1.852723     2.246014     2.667856     2.956404     3.382547     3.768138     4.272697     4.762904     5.697335     6.438924     7.357382    10.636572    14.178738
watermarkassigner3       1.000000     1.572113     1.900922     2.328407     2.804181     3.072365     3.563977     3.940884     4.427482     5.016818     6.209621     7.157610     8.272960    11.981621    15.895725
minibatchassigner4       1.000000     1.586830     1.967880     2.413266     2.859683     3.109986     3.320330     3.376825     3.547914     3.734395     4.582680     5.415205     6.391536     9.703931    13.064159
calc5                    1.000000     1.720638     2.302718     2.975392     3.618178     3.812102     4.393861     4.959816     5.632363     6.453475     8.038988     9.251779    10.837014    15.771685    20.906790
calc7                    1.000000     1.768322     2.256891     2.881291     3.541507     3.724147     4.291107     4.884958     5.555583     6.348922     7.856823     9.119255    10.646839    15.507557    20.450065
join9                    1.000000     1.000000     1.000000     1.066307     1.212639     1.367677     1.699470     1.858259     2.209146     2.411917     2.895667     3.431051     3.896824     6.394748    13.332108
calc10                   1.000000     1.710525     2.287439     2.961483     3.468713     3.922861     6.450145    10.285714    12.291230    13.384896    13.822454    14.310181    16.061758    27.174935    44.640889
nexmarkq311writer        1.000000     1.598908     2.242444     2.986367     3.738713     4.410755     6.346621     8.251277    11.135341    11.341675    13.701424    15.100974    16.489612    25.382198    51.620593
